10216
10963
10967
10976
10997
10998
11007
11014
11016
11027
11043
11048
11057
11109
11110
11111
11112
11129
11131
11132
11133
11147
11148
11149
11151
11266
11282
11295
11313
11323
11335
11347
11360
11445
11450
11459
11478
11484
11496
11508
11513
11518
11623
11630
11634
11644
11649
11658
11670
11771
11774
11777
11779
11787
11790
11795
1516659568
1516844868
1516983651
1517166932
1517304853
1517437491
1517804212
1517890225
1518009673
1518079124
1518180730
1518278672
1518861332
1519056167
1519329777
1519458690
1519552286
1519668745
1663365687
1663382647
1663436687
1663505929
1663546431
1663586146
1663682905
1663683337
1663755043
1663763370
1663885942
1663931259
1664009497
1665685543
1665686446
1665700254
1665822701
1665826280
1665829829
1665972746
1665986855
1665990348
1666045478
1666048848
1666088527
1666122929
1666125998
1666148259
1666177296
1666185341
1666209170
1666238587
1666276978
1666286219
1666308348
1666366213
1666366844
1666372636
1666424868
1666453945
1666460321
1666539842
1666577877
1667987887
1667995496
1668012309
1668109169
1668110665
1668137863
1668240246
1668243304
1668245426
1668319630
1668338643
1668345858
1668432255
1668434795
1668437721
1668493996
1668506691
1668507634
1668556845
1668579624
1668591683
1668613457
1668646062
1668682748
1668725839
1668751522
1668758379
1668792831
1668839023
1668862986
1670592135
1670594877
1670611989
1670686522
1670702068
1670707254
1670808701
1670863093
1670865252
1670901885
1670963917
1670974602
1670993670
1671063488
1671067751
1671121575
1671123709
1671129267
1671201476
1671208055
1671210956
1671256008
1671265441
1671274952
1671340219
1671358182
1671360687
1671421953
1671432637
1671437866
1673078706
1673081038
1673099701
1673194213
1673208977
1673210350
1673341849
1673354401
1673371349
1673432700
1673447710
1673477884
1673552043
1673558412
1673584099
1673628179
1673630085
1673659546
1673738064
1673748036
1673789962
1673815749
1673865688
1673941543
1674031017
1684227514
1684334726
1684419960
1684521403
1684571786
1684715899
1684809000
1684903975
1685000902
1686604927
1686838227
1686931489
1687000541
1687063262
1687118078
1687199442
1687304352
1689080648
1689199207
1689326808
1689417916
1689486729
1689526977
1689593268
1689659635
1689744737
1689812780
1689893744
1691612847
1691714801
1691817562
1691887181
1691952611
1692027822
1692105377
1694261668
1694392262
1694506494
1694607827
1694672562
1694734460
1694785141
1697230041
1697367568
1697618202
1697676707
1697737102
1697818230
194661631
194709238
194747473
194823812
194861937
194905967
194933273
194956462
195379466
195410340
195508041
195543986
195913561
195952221
196005880
196035178
196077720
196149733
196204777
196671852
196711079
196801820
196836228
197223814
197289232
197348059
197427319
197479908
197523751
197555809
198156633
198203455
198288442
198336982
198361612
198998982
199046405
199106712
199147098
199392262
199417353
199449542
199487247
199542017
199583142
199628562
200231159
200279309
200325970
200374970
200811319
200838136
200858874
200896206
200948427
201006788
201063323
201613755
201670278
201724240
201775130
201834212
205462046
205490330
205521108
205567652
205605257
205637545
205687817
205740032
205792630
206307500
206349748
206424136
206472314
206510406
207082987
207115256
207148444
261406872
261440616
261471219
261498337
261593261
261596463
261604488
261617723
261619540
261628922
261636560
261642433
261655587
261663618
262276878
262279207
262281327
262283296
262303778
262312446
262322091
262324734
262341896
262357611
262367754
262374910
262385766
262392411
262411148
262426855
262427613
262438280
262445112
262457078
262467064
262475417
262482014
262483445
262495365
262504787
262509769
262511470
262520546
262520933
262531941
262535265
262546824
262553182
262559167
262561359
262575056
262579147
262580105
262584768
262596112
262603145
262604402
262613112
262629776
262632112
262632760
262650433
263290556
263297825
263298375
263300623
263328756
263335409
263344752
263346183
263385734
263387356
263395326
263406210
263429901
263433706
263451354
263462906
263470198
263481245
263494556
263495756
263497811
263525190
263525880
263526474
263532024
263554917
263557879
263559744
263565113
263580374
263584058
263591396
263593584
263612072
263615039
263615518
263615830
263632423
263633662
263639362
263639860
263648410
263657611
263659844
263663368
263673866
263677108
263688319
264322647
264323424
264324774
264336354
264360198
264360439
264368248
264386517
264406768
264412165
264422834
264431672
264450476
264453915
264459306
264470591
264504100
264520024
264536123
264543176
266642819
266675550
266691076
266726957
266744516
266777348
266803581
266832024
266864588
266896041
267640827
267690993
267725202
267750277
267795420
267826531
267852851
267885392
267921517
267965152
267978151
268683084
268737468
268775251
268806477
268825557
268847227
268881455
268920193
268963993
269004111
269739993
269777362
269828278
269879845
269910097
269927795
269952489
269981681
270016993
270942504
270979841
271008789
271076032
271088718
271102834
271123757
271145478
36030092
36035663
36036525
36039771
36039855
36043767
36049774
36050122
36054225
36054734
36058458
36058739
36062297
36064240
36067901
36070186
36070673
36073128
36075732
36078206
36079393
36081873
36082092
36084100
36086786
36088259
36088386
36091452
36092372
36094121
36094199
36095834
36098103
36100528
36100847
36102309
36104288
36105209
36106331
36107610
36107873
36109585
36110427
36112211
36115306
36254447
36255060
36255449
36261512
36262994
36264265
36272031
36274157
36276467
36276759
36279635
36280903
36284486
36287292
37037383
37047833
37062303
37071397
37078069
37086655
37091652
37095808
37103486
37107482
37113046
37118659
37128219
37136779
37146623
37278080
37293226
37307486
37320788
37330510
37338852
37347063
37350093
37353672
37359433
37369391
37376485
37384432
37546519
37557723
37568996
37578738
37584550
37590330
37597562
37606953
37613366
37623177
37626434
37629117
37633163
4005
4063
4067
4081
4464
670113369
670200377
670204896
670265032
670287814
670288135
670291981
670369902
670370270
670370590
670370659
670458989
670470179
670470543
670476346
670574706
670575175
670575639
670604245
670684209
671619214
671619782
671620164
671625783
671675270
671678151
671680181
671682165
671752016
671752077
671752079
671752163
671844122
671846248
671851710
671874467
671922990
672053069
672054173
672148553
673294491
673369513
673481500
673525899
675053163
675119381
675240359
675370824
675437854
675564163
675623515
677456941
677458214
677459470
677462740
677590955
677592408
677595091
677595704
677738070
677738476
677739681
677739913
677895646
677897149
677897703
677897918
678060154
678061731
678062657
678064820
678213665
678214809
678215169
678215431
678358416
678359304
678360536
678365221
679500572
679501388
679501763
679502128
679639336
679642123
679686357
679702198
679787098
679789578
679793120
679818285
679965676
679997645
680003044
680003836
680140517
681491340
681632587
681777722
681915018
681999237
683300315
683374616
683497569
683689782
683782650
683949082
684017244
684084787
7472
765616724
765672261
765752317
765771904
765787021
765808269
765854686
765895863
765930912
765941219
765949052
7783
7995
86405
86443
86532
86595
86722
86790
86922
87004
87120
87161
88786
88792
88913
88948
89113
89136
89314
89343
89492
89603
9005
90992
91026
91105
91112
91151
9822
